                  Temp     Hi    Low   Out    Dew  Wind  Wind   Wind    Hi    Hi   Wind   Heat    THW   THSW                Rain  Solar   Solar Hi Solar   UV    UV    Hi     Heat    Cool    In     In    In     In     In   In Air          Wind  Wind    ISS   Arc.
  Date    Time     Out   Temp   Temp   Hum    Pt. Speed   Dir    Run Speed   Dir  Chill  Index  Index  Index   Bar    Rain  Rate   Rad.  Energy    Rad.  Index  Dose   UV     D-D     D-D    Temp   Hum    Dew   Heat    EMC Density     ET   Samp   Tx   Recept  Int.
------------------------------------------------------------------------------------------------------------------------------------------------------------------------------------------------------------------------------------------------------------------------
 5/10/26   1:00   16.3   16.7   16.0    79   12.6   0.0   ENE   0.00   3.2   ENE   16.3   16.2   16.2    ---   873.4  0.00   0.0     0     0.00      0     0.0  0.00   0.0   0.086   0.000   22.3    57   13.3   22.1  10.47  .0632     0.03  1365    1     99.8   60 
 5/10/26   2:00   16.0   16.1   15.8    78   12.2   0.0   ENE   0.00   4.8   ENE   16.0   15.9   15.9    ---   872.4  0.00   0.0     0     0.00      0     0.0  0.00   0.0   0.097   0.000   22.2    57   13.2   21.9  10.47  .0632     0.03  1370    1    100.0   60 
 5/10/26   3:00   15.7   15.9   15.3    80   12.2   0.0     N   0.00   3.2     N   15.7   15.6   15.6    ---   871.5  0.00   0.0     0     0.00      0     0.0  0.00   0.0   0.111   0.000   22.1    57   13.1   21.8  10.48  .0631     0.03  1331    1     97.3   60 
 5/10/26   4:00   14.8   15.3   14.1    84   12.2   0.0     N   0.00   3.2     N   14.8   14.8   14.8    ---   871.1  0.00   0.0     0     0.00      0     0.0  0.00   0.0   0.146   0.000   21.9    57   13.0   21.7  10.49  .0631     0.03  1348    1     98.5   60 
 5/10/26   5:00   14.8   15.3   14.1    82   11.7   0.0     W   0.00   6.4     W   14.8   14.7   14.7    ---   871.9  0.00   0.0     0     0.00      0     0.0  0.00   0.0   0.148   0.000   21.9    57   13.0   21.6  10.49  .0632     0.03  1354    1     99.0   60 
 5/10/26   6:00   15.3   15.4   15.2    83   12.4   0.0    SW   0.00   3.2    SW   15.3   15.2   15.2    ---   872.5  0.00   0.0     0     0.00      0     0.0  0.00   0.0   0.127   0.000   21.8    57   12.9   21.4  10.50  .0633     0.03  1370    1    100.0   60 
 5/10/26   7:00   14.8   15.3   14.3    86   12.5   0.0    SW   0.00   3.2    SW   14.8   14.8   14.8    ---   873.3  0.00   0.0     0     0.00      0     0.0  0.00   0.0   0.146   0.000   21.7    58   13.0   21.3  10.71  .0633     0.00  1375    1    100.0   60 
 5/10/26   8:00   13.9   14.3   13.7    88   11.9   0.0    SW   0.00   1.6    SW   13.9   13.9   13.9    ---   873.9  0.00   0.0    22     1.89     33     0.0  0.00   0.0   0.185   0.000   21.6    58   13.0   21.3  10.71  .0634     0.03  1365    1     99.8   60 
 5/10/26   9:00   15.2   16.3   14.1    82   12.1   1.6     E   1.61   8.0     E   15.2   15.1   15.1    ---   875.0  0.00   0.0    99     8.52    257     0.0  0.00   0.0   0.132   0.000   21.7    58   13.1   21.4  10.71  .0635     0.05  1357    1     99.2   60 
 5/10/26  10:00   16.8   17.1   16.3    77   12.7   1.6     E   1.61   8.0   ENE   16.8   16.7   16.7    ---   875.6  0.00   0.0   181    15.57    392     0.0  0.00   0.6   0.065   0.000   21.9    58   13.3   21.6  10.69  .0635     0.10  1362    1     99.6   60 
 5/10/26  11:00   17.4   17.9   17.0    75   12.9   4.8     E   4.83  12.9   ESE   17.4   17.3   17.3    ---   875.9  0.00   0.0   269    23.14    397     1.1  0.47   1.9   0.039   0.000   22.1    58   13.5   21.9  10.68  .0634     0.18  1360    1     99.4   60 
 5/10/26  12:00   18.3   18.7   17.8    72   13.1   4.8    NE   4.83  12.9    NE   18.3   18.2   18.2    ---   875.5  0.00   0.0   352    30.28    429     2.0  0.86   2.7   0.002   0.000   22.2    58   13.5   22.0  10.67  .0634     0.23  1354    1     99.0   60 
 5/10/26  13:00   19.2   19.9   18.6    69   13.4   4.8     N   4.83  14.5   WNW   19.2   19.2   19.2    ---   875.5  0.00   0.0   418    35.95    527     2.9  1.24   3.5   0.000   0.037   22.1    58   13.5   21.9  10.68  .0634     0.25  1367    1     99.9   60 
 5/10/26  14:00   20.5   21.2   19.8    63   13.2   4.8   NNE   4.83  12.9     N   20.5   20.4   20.4    ---   874.5  0.00   0.0   488    41.97    715     4.1  1.76   6.6   0.000   0.090   22.3    58   13.7   22.2  10.66  .0632     0.36  1357    1     99.2   60 
 5/10/26  15:00   21.3   22.2   20.8    58   12.7   4.8   NNE   4.83  14.5    NE   21.3   20.9   20.9    ---   873.6  0.00   0.0   473    40.68   1230     3.5  1.50   6.3   0.000   0.125   22.7    58   14.0   22.7  10.63  .0631     0.36  1369    1    100.0   60 
 5/10/26  16:00   22.2   22.7   21.8    59   13.8   6.4   NNW   6.44  16.1     N   22.2   22.1   22.1    ---   872.7  0.00   0.0   649    55.82   1201     3.3  1.41   5.5   0.000   0.162   23.0    58   14.3   23.1  10.61  .0629     0.48  1362    1     99.6   60 
 5/10/26  17:00   22.2   22.8   21.4    60   14.0   4.8   NNW   4.83  12.9     W   22.2   22.1   22.1    ---   872.6  0.00   0.0   225    19.35    986     0.8  0.34   2.5   0.000   0.160   23.3    58   14.5   23.4  10.59  .0628     0.23  1356    1     99.1   60 
 5/10/26  18:00   21.3   21.5   21.1    61   13.5   3.2   NNE   3.22  11.3     W   21.3   21.1   21.1    ---   872.6  0.00   0.0    97     8.34    209     0.0  0.00   0.0   0.000   0.125   23.1    58   14.4   23.2  10.61  .0629     0.08  1369    1    100.0   60 
 5/10/26  19:00   21.0   21.2   20.6    62   13.4   4.8    NE   4.83  11.3   ENE   21.0   20.8   20.8    ---   873.1  0.00   0.0    50     4.30    121     0.0  0.00   0.0   0.000   0.111   23.1    58   14.3   23.2  10.61  .0629     0.05  1353    1     98.9   60 
 5/10/26  20:00   19.8   20.6   19.1    69   13.9   4.8   ENE   4.83  14.5     E   19.8   19.8   19.8    ---   874.0  0.00   0.0     2     0.17     18     0.0  0.00   0.0   0.000   0.060   22.9    58   14.2   23.0  10.62  .0630     0.03  1354    1     99.0   60 
 5/10/26  21:00   18.3   19.1   17.7    73   13.4   4.8    NE   4.83  14.5    NE   18.3   18.2   18.2    ---   874.9  0.00   0.0     0     0.00      0     0.0  0.00   0.0   0.002   0.000   22.8    58   14.1   22.9  10.63  .0631     0.03  1351    1     98.8   60 
 5/10/26  22:00   17.8   17.9   17.6    74   13.1   4.8    NE   4.83  14.5    NE   17.8   17.7   17.7    ---   875.7  0.00   0.0     0     0.00      0     0.0  0.00   0.0   0.023   0.000   22.7    58   14.0   22.7  10.64  .0632     0.03  1350    1     98.7   60 
 5/10/26  23:00   17.6   17.8   17.4    77   13.5   6.4    NE   6.44  14.5    NE   17.6   17.7   17.7    ---   875.7  0.00   0.0     0     0.00      0     0.0  0.00   0.0   0.030   0.000   22.5    58   13.8   22.4  10.65  .0633     0.03  1356    1     99.1   60 
 6/10/26  00:00   17.1   17.4   16.8    80   13.6   1.6   ENE   1.61   9.7   NNE   17.1   17.2   17.2    ---   875.1  0.00   0.0     0     0.00      0     0.0  0.00   0.0   0.051   0.000   22.4    58   13.7   22.3  10.66  .0633     0.03  1361    1     99.5   60 
 6/10/26   1:00   16.4   16.8   16.3    83   13.5   0.0   ENE   0.00   4.8   ENE   16.4   16.5   16.5    ---   874.9  0.00   0.0     0     0.00      0     0.0  0.00   0.0   0.079   0.000   22.3    58   13.6   22.2  10.67  .0633     0.03  1376    1    100.0   60 
 6/10/26   2:00   16.3   16.3   16.2    83   13.4   0.0   ENE   0.00   1.6   ENE   16.3   16.3   16.3    ---   874.5  0.00   0.0     0     0.00      0     0.0  0.00   0.0   0.086   0.000   22.2    58   13.5   22.0  10.67  .0633     0.03  1384    1    100.0   60 
 6/10/26   3:00   15.9   16.3   15.6    85   13.4   0.0   ENE   0.00   3.2   ENE   15.9   15.9   15.9    ---   873.6  0.00   0.0     0     0.00      0     0.0  0.00   0.0   0.102   0.000   22.1    58   13.5   21.9  10.68  .0632     0.00  1376    1    100.0   60 
 6/10/26   4:00   15.8   15.9   15.7    85   13.3   0.0   ENE   0.00   3.2   ENE   15.8   15.8   15.8    ---   873.2  0.00   0.0     0     0.00      0     0.0  0.00   0.0   0.106   0.000   22.0    58   13.4   21.8  10.69  .0632     0.00  1382    1    100.0   60 
 6/10/26   5:00   14.7   15.7   14.0    88   12.8   0.0   ---   0.00   0.0   ---   14.7   14.8   14.8    ---   873.5  0.00   0.0     0     0.00      0     0.0  0.00   0.0   0.150   0.000   21.9    58   13.3   21.6  10.69  .0633     0.00  1377    1    100.0   60 
 6/10/26   6:00   14.4   14.7   14.0    89   12.6   0.0   ---   0.00   0.0   ---   14.4   14.4   14.4    ---   873.5  0.00   0.0     0     0.00      0     0.0  0.00   0.0   0.164   0.000   21.8    58   13.1   21.5  10.70  .0633     0.00  1364    1     99.7   60 
 6/10/26   7:00   13.6   14.1   13.2    90   12.0   0.0   WSW   0.00   6.4   WSW   13.6   13.7   13.7    ---   873.8  0.00   0.0     0     0.00      7     0.0  0.00   0.0   0.197   0.000   21.7    58   13.0   21.3  10.71  .0634     0.00  1383    1    100.0   60 
 6/10/26   8:00   13.9   15.3   13.5    90   12.3   0.0   WSW   0.00   6.4   WSW   13.9   13.9   13.9    ---   874.3  0.00   0.0    73     6.28    229     0.0  0.00   0.0   0.185   0.000   21.6    58   12.9   21.2  10.72  .0635     0.05  1361    1     99.5   60 
 6/10/26   9:00   16.4   17.1   15.3    81   13.1   1.6     N   1.61   6.4     N   16.4   16.4   16.4    ---   874.5  0.00   0.0   225    19.35    306     0.0  0.00   0.0   0.081   0.000   21.7    58   13.0   21.3  10.71  .0634     0.13  1360    1     99.4   60 
 6/10/26  10:00   17.9   18.6   17.1    76   13.7   1.6     N   1.61   8.0    NE   17.9   18.0   18.0    ---   874.4  0.00   0.0   313    26.92    431     0.9  0.39   1.4   0.016   0.000   21.9    58   13.3   21.6  10.69  .0634     0.18  1356    1     99.1   60 
 6/10/26  11:00   19.6   20.9   18.6    67   13.3   1.6    NW   1.61   9.7   WNW   19.6   19.5   19.5    ---   874.0  0.00   0.0   518    44.55    916     2.7  1.16   4.9   0.000   0.051   22.1    58   13.4   21.8  10.68  .0633     0.33  1379    1    100.0   60 
 6/10/26  12:00   22.1   23.0   20.9    58   13.4   3.2   NNW   3.22  14.5    NW   22.1   21.8   21.8    ---   873.2  0.00   0.0   754    64.85   1171     4.8  2.06   6.6   0.000   0.155   22.4    58   13.7   22.3  10.66  .0631     0.48  1363    1     99.6   60 
 6/10/26  13:00   23.4   24.5   22.6    57   14.4   4.8    NE   4.83  16.1   NNE   23.4   23.5   23.5    ---   872.3  0.00   0.0   823    70.79   1044     6.0  2.57   7.2   0.000   0.211   22.6    58   13.9   22.6  10.64  .0630     0.56  1367    1     99.9   60 
 6/10/26  14:00   24.9   26.2   24.2    58   16.1   4.8    NE   4.83  17.7   NNE   24.9   25.2   25.2    ---   870.9  0.00   0.0   973    83.69    995     6.8  2.91   7.1   0.000   0.275   23.1    58   14.3   23.2  10.61  .0628     0.66  1362    1     99.6   60 
