                            ANNUAL CLIMATOLOGICAL SUMMARY

NAME: Cerrillos  CITY:    STATE:   
ELEV:     0 m  LAT:   LONG: 

               TEMPERATURE (°C), HEAT BASE 18.3, COOL BASE 18.3
                          DEP.  HEAT  COOL                                          
        MEAN  MEAN        FROM  DEG   DEG                        MAX  MAX  MIN  MIN 
 YR MO  MAX   MIN   MEAN  NORM  DAYS  DAYS  HI  DATE  LOW  DATE  >=32 <=0  <=0  <=-18 
------------------------------------------------------------------------------------
 26  1  28.0  17.9  22.1   0.0     3   121  33.5   3  16.0   12    3    0    0    0
 26  2  29.0  17.8  22.7   0.0     5   127  34.9  19  13.2   25    7    0    0    0
 26  3  26.5  17.2  20.9   0.0    10    90  31.8   3  11.7   24    0    0    0    0
 26  4  24.9  13.4  18.0   0.0    57    48  31.0   1   8.8   28    0    0    0    0
 26  5  19.8   6.7  12.1   0.0   206    13  30.9   1   1.1   10    0    0    0    0
 26  6  18.6   7.2  12.0   0.0   198     8  25.4   7  -1.1   24    0    0    2    0
 26  7  22.5   8.3  14.3   0.0   181    52  35.7  17  -1.4    7    3    0    1    0
 26  8  22.9   7.3  14.3   0.0   162    37  36.8  27   0.8   12    3    0    0    0
 26  9  22.4   8.4  14.8   0.0   101    28  36.2  20   2.3    8    2    0    0    0
 26 10
 26 11
 26 12
------------------------------------------------------------------------------------
        23.8  11.7  16.8   0.0   925   523  36.8 AUG  -1.4  JUL   18    0    3    0

                                PRECIPITATION (mm)

               DEP.   MAX        DAYS OF RAIN 
               FROM   OBS.          OVER
 YR MO  TOTAL  NORM   DAY  DATE  .2   2   20
---------------------------------------------
 26  1 170.0    0.0  48.0   18   12   11    4
 26  2 113.8    0.0  42.0   22   11    9    2
 26  3  91.0    0.0  19.0   10   13   11    0
 26  4  15.0    0.0   2.4    1   16    4    0
 26  5  13.6    0.0   4.0   21   15    3    0
 26  6  12.2    0.0   2.6    8   19    2    0
 26  7   5.4    0.0   2.2    1    6    2    0
 26  8   6.0    0.0   3.6   18    5    1    0
 26  9   4.0    0.0   2.2   12    4    1    0
 26 10
 26 11
 26 12
---------------------------------------------
       431.1   0.0  48.0  JAN  101   44    6

                                WIND SPEED (km/hr)
                          DOM
 YR MO   AVG.  HI   DATE  DIR
---------------------------------
 26  1   1.3  77.2   15   ENE
 26  2   1.6  35.4   24    NE
 26  3   1.2  45.1    3   ENE
 26  4   0.8  24.1   27   ENE
 26  5   1.5  32.2    7     W
 26  6   2.0  22.5    7    NE
 26  7   3.7  59.5   16    NE
 26  8   2.6  40.2    6    NE
 26  9   2.7  37.0   18    NE
 26 10
 26 11
 26 12
---------------------------------
         1.9  77.2  JAN   NE
