                            ANNUAL CLIMATOLOGICAL SUMMARY

NAME: Cerrillos  CITY:    STATE:   
ELEV:     0 m  LAT:   LONG: 

               TEMPERATURE (°C), HEAT BASE 18.3, COOL BASE 18.3
                          DEP.  HEAT  COOL                                          
        MEAN  MEAN        FROM  DEG   DEG                        MAX  MAX  MIN  MIN 
 YR MO  MAX   MIN   MEAN  NORM  DAYS  DAYS  HI  DATE  LOW  DATE  >=32 <=0  <=0  <=-18 
------------------------------------------------------------------------------------
 25  1  29.6  17.9  22.9   0.0     4   144  33.2  31  14.4   14    6    0    0    0
 25  2  34.3  18.4  26.3   0.0     0    46  35.4   5  17.2    4    6    0    0    0
 25  3  25.5  16.4  20.2   0.0    17    64  30.4   6  11.3   31    0    0    0    0
 25  4  22.7  12.9  17.1   0.0    67    31  28.7  18   8.2    3    0    0    0    0
 25  5  23.7  11.4  16.4   0.0    95    34  28.8  26   1.3   29    0    0    0    0
 25  6  18.8   3.8  10.4   0.0   246     7  28.4  16  -2.3   24    0    0    3    0
 25  7  20.7   6.7  12.5   0.0   197    17  30.4  25  -3.3    3    0    0    3    0
 25  8  22.2   6.5  14.2   0.0   165    38  35.7  22  -0.9   24    2    0    1    0
 25  9  26.2  10.6  18.0   0.0    87    78  35.6  20   3.7    8    3    0    0    0
 25 10  26.4  11.9  18.9   0.0    72    90  36.5  11   5.4    8    6    0    0    0
 25 11  28.7  14.6  21.5   0.0    27   123  36.9  27   8.9    1   10    0    0    0
 25 12  29.1  16.9  22.6   0.0     9   142  34.4  20  11.2   17    3    0    0    0
------------------------------------------------------------------------------------
        25.0  11.9  17.8   0.0   987   814  36.9 NOV  -3.3  JUL   36    0    7    0

                                PRECIPITATION (mm)

               DEP.   MAX        DAYS OF RAIN 
               FROM   OBS.          OVER
 YR MO  TOTAL  NORM   DAY  DATE  .2   2   20
---------------------------------------------
 25  1 135.2    0.0  23.6   25   22   15    2
 25  2  93.4    0.0  37.4    6    5    5    2
 25  3  57.0    0.0  24.0    8   16    7    1
 25  4  14.4    0.0   6.0   19    7    4    0
 25  5   4.4    0.0   2.8   27    8    1    0
 25  6   2.0    0.0   0.4    6    7    0    0
 25  7   3.4    0.0   1.6   11    4    0    0
 25  8   3.2    0.0   2.4    8    4    1    0
 25  9   6.4    0.0   3.6   22    4    1    0
 25 10  23.0    0.0  14.8   18    7    3    0
 25 11  23.4    0.0  12.6   17    6    3    0
 25 12 133.0    0.0  26.6    5   16   11    2
---------------------------------------------
       498.8   0.0  37.4  FEB  106   51    7

                                WIND SPEED (km/hr)
                          DOM
 YR MO   AVG.  HI   DATE  DIR
---------------------------------
 25  1   1.9  37.0    7    SW
 25  2   0.4  30.6    6    SW
 25  3   0.9  27.4    5    SW
 25  4   0.9  24.1   24    NE
 25  5   1.2  24.1   27    NE
 25  6   1.9  30.6   22     W
 25  7   1.8  27.4   27    NE
 25  8   3.2  56.3    1    NE
 25  9   3.2  37.0   30    NE
 25 10   3.5  38.6    5    NE
 25 11   3.3  49.9   16    NE
 25 12   2.5  41.8    1    NE
---------------------------------
         2.1  56.3  AUG   NE
